0 0.358203 0.343359 0.203906 0.397656
1 0.367578 0.271094 0.230469 0.245313
2 0.357422 0.466797 0.203906 0.149219
3 0.399219 0.507031 0.042188 0.076563
4 0.330859 0.429688 0.072656 0.060938
5 0.319922 0.135547 0.097656 0.246094
6 0.319531 0.100000 0.092188 0.175000
7 0.407813 0.417969 0.460938 0.462500
8 0.462891 0.403516 0.182031 0.396094
9 0.832813 0.699609 0.334375 0.600781
10 0.829688 0.303906 0.340625 0.279688
11 0.100000 0.164062 0.195312 0.321875
12 0.355859 0.747656 0.072656 0.173438
12 0.473828 0.807031 0.082031 0.185938
13 0.106641 0.396484 0.122656 0.057031
13 0.116797 0.525000 0.130469 0.054688
13 0.146094 0.686719 0.187500 0.070312
13 0.214063 0.814453 0.171875 0.058594
13 0.297266 0.880469 0.152344 0.065625
13 0.489063 0.930469 0.184375 0.051563
13 0.578125 0.822266 0.120313 0.053906
13 0.548438 0.673828 0.148438 0.046094
14 0.930859 0.096484 0.138281 0.192969
